c FILE : graphs/4*7
c 
c NODES : 28
c LATTICE SQUARE GRAPH
c 
c 
node 28
1 1 1 1 1 1 1 1 1 1 1 1 1 1 1 1 1 1 1 1 1 1 1 1 1 1 1 1 
t 0 1 1
t 0 7 1
t 1 2 1
t 1 8 1
t 2 3 1
t 2 9 1
t 3 4 1
t 3 10 1
t 4 5 1
t 4 11 1
t 5 6 1
t 5 12 1
t 6 13 1
t 7 8 1
t 7 14 1
t 8 9 1
t 8 15 1
t 9 10 1
t 9 16 1
t 10 11 1
t 10 17 1
t 11 12 1
t 11 18 1
t 12 13 1
t 12 19 1
t 13 20 1
t 14 15 1
t 14 21 1
t 15 16 1
t 15 22 1
t 16 17 1
t 16 23 1
t 17 18 1
t 17 24 1
t 18 19 1
t 18 25 1
t 19 20 1
t 19 26 1
t 20 27 1
t 21 22 1
t 22 23 1
t 23 24 1
t 24 25 1
t 25 26 1
t 26 27 1
