c FILE : graphs/4*8
c 
c NODES : 32
c LATTICE SQUARE GRAPH
c 
c 
node 32
1 1 1 1 1 1 1 1 1 1 1 1 1 1 1 1 1 1 1 1 1 1 1 1 1 1 1 1 1 1 1 1
t 0 1 1
t 0 8 1
t 1 2 1
t 1 9 1
t 2 3 1
t 2 10 1
t 3 4 1
t 3 11 1
t 4 5 1
t 4 12 1
t 5 6 1
t 5 13 1
t 6 7 1
t 6 14 1
t 7 15 1
t 8 9 1
t 8 16 1
t 9 10 1
t 9 17 1
t 10 11 1
t 10 18 1
t 11 12 1
t 11 19 1
t 12 13 1
t 12 20 1
t 13 14 1
t 13 21 1
t 14 15 1
t 14 22 1
t 15 23 1
t 16 17 1
t 16 24 1
t 17 18 1
t 17 25 1
t 18 19 1
t 18 26 1
t 19 20 1
t 19 27 1
t 20 21 1
t 20 28 1
t 21 22 1
t 21 29 1
t 22 23 1
t 22 30 1
t 23 31 1
t 24 25 1
t 25 26 1
t 26 27 1
t 27 28 1
t 28 29 1
t 29 30 1
t 30 31 1
