c FILE : graphs/5*6
c 
c NODES : 30
c LATTICE SQUARE GRAPH
c 
c 
node 30
1 1 1 1 1 1 1 1 1 1 1 1 1 1 1 1 1 1 1 1 1 1 1 1 1 1 1 1 1 1
t 0 1 1
t 0 6 1
t 1 2 1
t 1 7 1
t 2 3 1
t 2 8 1
t 3 4 1
t 3 9 1
t 4 5 1
t 4 10 1
t 5 11 1
t 6 7 1
t 6 12 1
t 7 8 1
t 7 13 1
t 8 9 1
t 8 14 1
t 9 10 1
t 9 15 1
t 10 11 1
t 10 16 1
t 11 17 1
t 12 13 1
t 12 18 1
t 13 14 1
t 13 19 1
t 14 15 1
t 14 20 1
t 15 16 1
t 15 21 1
t 16 17 1
t 16 22 1
t 17 23 1
t 18 19 1
t 18 24 1
t 19 20 1
t 19 25 1
t 20 21 1
t 20 26 1
t 21 22 1
t 21 27 1
t 22 23 1
t 22 28 1
t 23 29 1
t 24 25 1
t 25 26 1
t 26 27 1
t 27 28 1
t 28 29 1
